S0,sigma,T,LSM,GPR,GPR_IM,GPR_CV
90,0.04,0.25,10.36339463316266,10.257428140901663,10.360442725101763,9.998192426350807
90,0.04,0.5,10.811562892827682,10.33280028972522,10.493315239156328,9.991912128199763
90,0.09,0.25,11.281305070192404,10.523835448263618,10.653496799424818,9.96698752137892
90,0.09,0.5,11.81294007552043,10.806302846095626,10.838093692771027,9.972541777543643
90,0.16,0.25,12.803112134146552,11.90328849623778,12.153371833637298,9.940850653311347
90,0.16,0.5,13.558437781245118,12.137192970518392,12.360783974137183,10.40020219425396
100,0.04,0.25,3.7088087567645953,3.2870515807356195,3.3739136307362663,0.9558072643165388
100,0.04,0.5,4.89197024992457,4.057835060864825,4.451445823741702,0.7712918527791803
100,0.09,0.25,5.025607530272614,3.7209622908288136,4.542238893362634,2.3689359122884937
100,0.09,0.5,5.967007243576165,4.704744481370377,5.630287626968917,2.567816654924858
100,0.16,0.25,6.481289217048333,5.265138184227101,5.870233399910136,3.828237198784378
100,0.16,0.5,8.327043691995314,6.8128337941903245,7.887397527864847,3.596219691355186
110,0.04,0.25,0.8161303191751316,0.7836919633889251,0.0,0.008349496930649842
110,0.04,0.5,1.4429371171891743,1.3704771080715321,0.0,0.0046948916374072325
110,0.09,0.25,1.7394246609383999,1.4325706654529018,0.0,0.004202748931869857
110,0.09,0.5,2.626972545918288,2.1471202789870167,0.0,0.097605706018027
110,0.16,0.25,3.1913651447492395,2.3875220354214197,0.0,0.06343873820370412
110,0.16,0.5,4.6,3.128,0.0,0.225
