S0,sigma,T,LSM,GPR,GPR_IM,GPR_CV
90,0.04,0.25,0.18139334294241294,0.15605101986669104,0.12321057056332749,0.05179153478720701
90,0.04,0.5,0.28449069592026305,0.2609500624790945,0.20707424624461648,0.06934803844862117
90,0.09,0.25,0.31817341036193864,0.2550783202140081,0.23380590710043045,0.06368082209867854
90,0.09,0.5,0.4775053294403672,0.2981679511338471,0.26665296955384915,0.11366578215685778
90,0.16,0.25,0.41403851055108426,0.3316126962820609,0.31288636515309504,0.1965056887912817
90,0.16,0.5,0.5168464467718723,0.3435254721269968,0.3195739025320197,0.5797622851442525
100,0.04,0.25,0.20012775544357755,0.2344547353514591,0.2515692422415318,0.14290790795361152
100,0.04,0.5,0.2805299112551737,0.2075798468904955,0.22167020442642663,0.1305853711262894
100,0.09,0.25,0.2592609544297249,0.20782266577626468,0.2390017758529342,0.41416487975486166
100,0.09,0.5,0.3197534251991129,0.2617972081513265,0.28280792234844765,0.49133017110721483
100,0.16,0.25,0.3113249784147052,0.257456580387788,0.24682782403520515,0.46538305459972135
100,0.16,0.5,0.3918856040116543,0.4054334070333543,0.3396052868171254,0.9652868197914364
110,0.04,0.25,0.1130642205679387,0.12862158692348788,0.0,0.0037523395132104493
110,0.04,0.5,0.1913575408075844,0.18699498891811012,0.0,0.005234724750535922
110,0.09,0.25,0.15780852459202988,0.15101116180849353,0.0,0.012919735454609867
110,0.09,0.5,0.1866247968669858,0.230884176531771,0.0,0.06473465194454708
110,0.16,0.25,0.18508896258494886,0.16754942044232912,0.0,0.03736584604794409
110,0.16,0.5,0.2277419347407984,0.2859718172561557,0.0,0.22176531697129417
