,LSM,GPR,GPR_IM,GPR_CV,PSOR
10,5.234152320636938,4.416662663664734,4.785933451683303,3.346079778378831,4.4961
20,4.940569000340523,4.288909780245043,4.866319816056609,2.9919706235965062,4.4961
30,5.201211017300983,3.8814394457728394,4.590404398644231,2.1869363747847506,4.4961
40,4.794449721909625,3.6876859330281304,4.258607539085133,2.8616252950629923,4.4961
50,5.318125034769411,4.317531273277358,4.861428718186181,2.9876327250559913,4.4961
60,5.1234321932060105,3.963344513027958,4.574808885357221,2.624504517750124,4.4961
70,4.669239230756612,3.9222071914041146,4.724118734314343,2.1592533585061173,4.4961
80,4.979850990160581,4.151815129378458,4.789235282928938,2.2726977884321466,4.4961
90,4.948418545031473,4.0509799907129995,4.521135041470956,1.5076066723100174,4.4961
100,4.689216665451615,3.983690937798595,4.575471981078432,1.5957798510333763,4.4961
110,4.846157499078719,4.0041062168570685,4.577463433081873,1.651157317834216,4.4961
120,4.8511221805051274,3.90329157315317,4.673719149255811,1.3569104403830785,4.4961
130,4.7767792914192135,4.127793016438549,4.509032388032939,1.5012661303799069,4.4961
140,5.16474365120881,4.18331952942355,5.014754929734799,1.1191327091783319,4.4961
150,5.084920790764805,4.018174649112042,4.683615494701083,2.25400736360299,4.4961
160,4.847641548749911,4.152167392644492,4.64547538338437,1.5655929968415616,4.4961
170,4.732672263869657,4.059753229749407,4.681313686439522,1.4777070043518734,4.4961
180,4.768484094637587,4.326944968279989,4.68933525114246,1.2603474999641031,4.4961
190,4.638669936601593,4.096820593251723,4.445258233233073,1.2613599426845303,4.4961
200,5.061992412936165,4.013452744497098,4.910773050464404,1.3443570624394652,4.4961
