S0,sigma,T,LSM_time,GPR_time,GPR_IM_time,GPR_CV_time
90,0.04,0.25,1.5016384410858152,12.207653455734253,8.30400164604187,36.67986513137817
90,0.04,0.5,1.4784166431427004,13.66531135559082,12.252788162231445,41.444625034332276
90,0.09,0.25,1.4782496356964114,13.412207117080687,12.378372430801392,45.06362416267395
90,0.09,0.5,1.7006661605834958,13.025821962356567,12.502777166366577,43.54525775909424
90,0.16,0.25,1.5529027652740481,12.866777515411375,12.295267152786256,43.87715404510498
90,0.16,0.5,1.62540415763855,13.534885921478274,11.666492805480956,43.375586433410646
100,0.04,0.25,1.4583150768280027,9.13090403556824,5.1275018692016605,34.4044981098175
100,0.04,0.5,1.5305599117279052,12.574686040878294,7.527023000717163,36.23693870544434
100,0.09,0.25,1.4778874397277832,12.354884080886839,7.697361040115356,36.14695035934448
100,0.09,0.5,1.5097875499725344,12.930988082885742,7.707762489318847,41.27807779312134
100,0.16,0.25,1.55763671875,12.764005727767945,8.088660278320312,45.322633275985716
100,0.16,0.5,1.474942569732666,12.841950244903565,7.498463363647461,48.52743067741394
110,0.04,0.25,1.4562156772613526,10.372708005905153,10.372708005905153,37.14184464454651
110,0.04,0.5,1.4769041633605957,13.436809759140015,13.436809759140015,34.990780448913576
110,0.09,0.25,1.4959134864807129,13.422418317794802,13.422418317794802,35.24771389007569
110,0.09,0.5,1.474747047424316,14.12532232284546,14.12532232284546,37.321123399734496
110,0.16,0.25,1.47882080078125,14.479478607177734,14.479478607177734,38.495440559387205
110,0.16,0.5,1.4815652847290042,12.810740365982056,12.810740365982056,44.514515714645384
