,BS,LT,FD,LSM,GPR,FQI,LSPI
10,2.324502925,2.285450352,2.235224968560534,2.276456250380518,0.0,2.0865758727128254,2.1054562241474395
20,2.324502925,2.303775964,2.274719976623563,2.287095165813562,0.0,2.109163840340655,2.035497464338222
30,2.324502925,2.308989009,2.2887507389858013,2.298484415468302,0.0,2.223530432895004,2.3079104204394825
40,2.324502925,2.311419617,2.2960025725463433,2.299029415998179,0.0,2.2334151873162638,2.22716850805727
50,2.324502925,2.3130303,2.300448079574378,2.3110149920636576,0.0,2.2529143411964485,2.211996230481004
60,2.324502925,2.314358363,2.303458632894772,2.3147795494535695,0.0,2.1390370927458218,2.1660262763715674
70,2.324502925,2.314884427,2.3056334162977685,2.3187235037685947,0.0,2.183010587237164,2.264900622071483
80,2.324502925,2.315673661,2.3072833742962957,2.325061768946438,0.0,2.093779020456851,2.131683418748493
90,2.324502925,2.316026567,2.308576830502362,2.3316485963560334,0.0,2.219904762458302,2.2905436321490438
100,2.324502925,2.316460253,2.3096175207560434,2.3291179665964523,0.0,2.048579898460444,2.2450067294702776
110,2.324502925,2.316674232,2.3104773906631326,2.32794464271306,0.0,2.085793524285309,2.1542501544884995
120,2.324502925,2.316999615,2.3111952173642685,2.3290799113401084,0.0,2.0950948760314643,2.1138834065589465
130,2.324502925,2.31715187,2.3118080784631094,2.32701166029712,0.0,2.038075687672704,2.2628562558308687
140,2.324502925,2.317390139,2.3123346152922832,2.3249344172676403,0.0,2.0154777380437,2.176793298925426
150,2.324502925,2.317519042,2.312792723911787,2.3226785932974985,0.0,2.0010375089787065,2.32003805628732
160,2.324502925,2.317645038,2.313194893468119,2.317454287879296,0.0,2.1900601676413887,2.2776221808357158
170,2.324502925,2.317781746,2.313551619407297,2.3197554159199134,0.0,1.9863590112948033,2.1976832619035886
180,2.324502925,2.317856893,2.3138685821589298,2.3141865718160197,0.0,2.03200422217661,2.2263380645029947
190,2.324502925,2.317957345,2.314154041385357,2.3123809513655083,0.0,1.910550185500711,2.0962251714567235
200,2.324502925,2.318054548,2.314411853847123,2.3141475908625293,0.0,2.050603468818384,2.1688478822082096
