S0,sigma,T,BS,LT,FD,LSM,GPR,FQI,LSPI
36,0.2,1,4.483961978,4.484498063,4.464373644553659,4.484965863638719,4.522984636616693,4.377812103793136,4.370655513486791
36,0.2,2,4.850096208,4.846179361,4.828758128845848,4.834854446455635,4.747208110868913,4.850802011941255,4.79429945492219
36,0.4,1,7.109793753,7.099657412000001,7.076451813012433,7.094647566804179,6.858651381141624,6.868422143162063,6.779584796772338
36,0.4,2,8.519457706,8.507873262999999,8.485354958294176,8.508088136047293,7.927115357832012,7.9428427498576735,8.215761355060824
38,0.2,1,3.256830962,3.252940993,3.23594817794243,3.2488824979192388,3.1892335473406974,3.166258788601129,3.0138807076634757
38,0.2,2,3.7539651010000004,3.7481733910000004,3.733605384632627,3.7443740892620494,3.56676640392536,3.5699235239212816,3.672472889345951
38,0.4,1,6.153254747999999,6.180465376,6.1220619017039475,6.134814350830425,6.157956051770731,5.889631779296738,5.862025787120942
38,0.4,2,7.67132821,7.689068022000001,7.645626421272462,7.686300280187809,7.222288105175853,6.894375218929835,7.414269559472394
40,0.2,1,2.324502925,2.3130303,2.300448079574378,2.3110149920636576,2.2309924234513487,2.2529143411964485,2.2119962304810037
40,0.2,2,2.896526505,2.8851305660000004,2.8740793561644717,2.8897880576897848,2.6864378835419465,2.550589421341652,2.774617612513708
40,0.4,1,5.326005341,5.302775497,5.286496953356319,5.315010824750362,5.085457595373913,5.0767080344311335,5.097185353381431
40,0.4,2,6.935107816,6.913738257,6.8937331803714486,6.93797001017246,6.304467624312485,6.861501554267193,7.317398977580678
42,0.2,1,1.6203673859999999,1.623910503,1.6051070769433369,1.6186957287754995,1.5399082165572227,1.5888520983545829,1.6020331480476986
42,0.2,2,2.218714276,2.217168144,2.2028773354708586,2.2256002002098714,2.0796565483416583,1.8481752282063137,2.058035187551206
42,0.4,1,4.58844691,4.613682525,4.557750662994054,4.593101663722285,4.221517306994538,4.408983612672778,4.434489271067804
42,0.4,2,6.246407453,6.264333442000001,6.219996683971402,6.269940958247818,5.852001202198839,5.298995358632082,5.957177999393682
44,0.2,1,1.111802481,1.121150296,1.100507911025738,1.1151683328680095,1.027786708689643,1.126289721577958,1.0915885850127816
44,0.2,2,1.692103759,1.697305509,1.6815595347474035,1.694992691276796,1.4638401554338623,1.3292336257579425,1.4660867578322576
44,0.4,1,3.952869445,3.961627519,3.924305778866169,3.959443723433857,3.3871207816555686,3.862374925666314,3.8745341701543774
44,0.4,2,5.651092546,5.651554987999999,5.615823859967066,5.665606981160987,4.574588361271717,4.643747076339796,5.288691291700832
