S0,sigma,T,GPR,FQI,LSPI,LSM
36,0.2,1,0.09657563042497913,0.04546639173840475,0.15271383460842886,0.7776687590890766
36,0.2,2,0.11946268954425646,0.026103806850000917,0.041626639364461225,0.6849342811478859
36,0.4,1,0.19257123187443856,0.3042357921483549,0.42424758298932963,0.5160623477675158
36,0.4,2,0.29799674551099514,0.6438069996333635,1.114607958239022,0.6494366841550339
38,0.2,1,0.08521535241413883,0.22750560245587303,0.2124244560734326,0.17704851534110713
38,0.2,2,0.14501815413457395,0.11784330050381972,0.29592375320337383,0.13316862144099215
38,0.4,1,0.2166916058874905,0.9135911540822227,1.011726840523208,0.12908187665415746
38,0.4,2,0.2233075401675036,0.8446931702658012,0.9467822113540453,0.3068292196250744
40,0.2,1,0.0765933132562837,1.5489763475062506,1.2054070139142228,0.22495719071808692
40,0.2,2,0.11140372947325763,0.9847078531576398,0.9638586958396969,0.21119182540348536
40,0.4,1,0.17710892957636307,0.49884620016677955,0.7560793385489832,0.22505097183618852
40,0.4,2,0.244746715624448,1.0664536144666366,1.2113507843591698,0.027395864603360243
42,0.2,1,0.066629012638787,0.09047863729502562,0.3514152449541534,0.4078792477409663
42,0.2,2,0.09593396417648067,0.5022209160860003,0.5379599644309015,0.4004884707675224
42,0.4,1,0.180522874097945,0.931114804703731,0.8266402659053462,0.4738004709045455
42,0.4,2,0.2010025779122448,0.5504447082214099,1.0005068636601566,0.2225300518128398
44,0.2,1,0.05219685297341513,0.4688948232930479,0.47978830283846524,0.4731520848616133
44,0.2,2,0.09660304155042077,0.3124529702369139,0.48156903141903074,0.5237787444485443
44,0.4,1,0.19427991876737602,0.6032213680326324,0.727780267134859,0.6418545963629281
44,0.4,2,0.2926371909781828,0.09314711471903181,0.560154174288616,0.4323171784960197
